   9995     4.825270
   5410     4.873019
  10278     4.901096
  19368     4.913401
  14664     4.916745
   1691     4.918670
  15139     4.938568
  36165     4.957727
   5637     4.961618
   3268     4.964247
  15710     4.969512
   5083     4.973685
   4400     4.974542
  65482     4.978619
    235     4.999152
  14771     4.999907
  16865     5.005565
   4809     5.022331
  49823     5.022424
  15578     5.040528
  43343     5.041230
  14551     5.042591
  61264     5.051044
  43333     5.062165
 101339     5.062868
   8603     5.064913
  54159     5.072037
  43330     5.072461
   6193     5.089439
  43334     5.095004
   5054     5.100842
  17134     5.119446
  60544     5.120056
  38641     5.130346
   5239     5.131146
  10884     5.136468
  43342     5.136569
   3164     5.144317
   7360     5.155186
   3208     5.159069
   5206     5.169470
   2491     5.170167
  19568     5.174015
  43365     5.197777
  66367     5.205060
  66139     5.217643
   7340     5.243361
  92341     5.262526
  23908     5.262950
   1002     5.277768
  19565     5.297149
  14532     5.299211
   1556     5.303164
  33539     5.326944
  21360     5.347402
  21294     5.352649
   3158     5.355312
  33182     5.371464
  51084     5.414461
   2977     5.417089
  29808     5.427831
  29949     5.450908
  48084     5.451412
  29562     5.452745
  48082     5.460046
  15840     5.468310
   5686     5.479701
   7276     5.485814
   1227     5.496449
  29658     5.513109
  30277     5.516337
  29804     5.526580
  51440     5.531187
   8219     5.576286
  66600     5.576931
  76761     5.582336
   9363     5.589496
  32964     5.591819
  15514     5.604363
 226831     5.637055
  30188     5.637546
  39476     5.648499
   1474     5.648799
 138143     5.650416
  29570     5.668423
 138416     5.682614
  29681     5.696721
 226835     5.710771
  29624     5.743870
   8865     5.746069
  29817     5.782635
  29766     5.802219
  30917     5.836948
 226810     5.892219
  83501     5.900125
  26259     5.942653
 228590     6.004236
 226817     6.012778
  57516     6.026461
 103164     6.238808
