 226835     0.552623
 228590     0.526062
 226817     0.512121
  39476     0.497495
 226810     0.470602
 138416     0.425354
 138143     0.394966
  30917     0.384291
  57516     0.381548
  15514     0.375344
  66600     0.353128
 226831     0.352955
  29817     0.343236
  48082     0.330448
  83501     0.274963
  48084     0.242570
  29681     0.235732
  29766     0.229460
  29808     0.212651
  29624     0.205517
  29570     0.204441
  15578     0.202334
  30188     0.195067
  19565     0.194833
  26259     0.170793
   1227     0.165104
  29562     0.152489
  29949     0.151947
   5686     0.148257
 103164     0.144077
  54159     0.132444
  30277     0.130257
  33182     0.128607
  29804     0.126760
  14551     0.122269
  43342     0.119627
  66139     0.117264
  16865     0.114146
  43330     0.113821
   7340     0.110936
   4400     0.107573
  29658     0.098135
  43343     0.093023
  19568     0.091736
  14771     0.090871
  10884     0.089161
  43334     0.088608
  43333     0.080388
  21360     0.073860
   5239     0.073359
   5410     0.071810
  66367     0.066905
   1556     0.065555
   5054     0.064074
  51440     0.063666
  60544     0.062568
  15710     0.061423
  43365     0.061104
   3208     0.060744
  15840     0.060329
  38641     0.059613
   1474     0.058716
   1002     0.058498
   8603     0.052886
   1691     0.051810
   2491     0.049143
  76761     0.047238
  33539     0.045277
  65482     0.043115
  61264     0.041958
  36165     0.041229
  19368     0.040976
  10278     0.040771
 101339     0.040622
  23908     0.039580
   2977     0.038700
   4809     0.038640
   9363     0.035530
   3158     0.035379
  14532     0.035072
  51084     0.034483
  15139     0.033473
  49823     0.032888
   5083     0.032061
   5637     0.030357
    235     0.030080
  92341     0.029457
   5206     0.029262
   7276     0.028528
  32964     0.027870
  14664     0.027103
   3268     0.025319
   6193     0.025200
   9995     0.025125
   7360     0.021901
   8219     0.020658
  17134     0.020486
   8865     0.016424
  21294     0.013684
   3164     0.013512
