  29804   238.000000
  29808   237.000000
  29562   234.000000
  14664   225.000000
  29624   224.000000
  30277   184.000000
   8603   180.000000
  29681   174.000000
   3208   159.000000
   5410   159.000000
  43334   159.000000
    235   155.000000
  29570   155.000000
   9995   154.000000
   2977   153.000000
  17134   151.000000
  43365   151.000000
   3164   150.000000
   1002   149.000000
   5054   148.000000
   3268   146.000000
  32964   146.000000
  30917   145.000000
  19565   144.000000
  61264   144.000000
  21360   141.000000
  15840   140.000000
  30188   140.000000
  49823   140.000000
  19368   139.000000
  43333   139.000000
  14771   138.000000
   5686   136.000000
   3158   135.000000
   4400   135.000000
  23908   135.000000
  29949   134.000000
   5206   132.000000
   8865   132.000000
   5083   131.000000
   4809   130.000000
  66367   130.000000
  92341   130.000000
 226810   130.000000
  43343   129.000000
  76761   129.000000
 226831   129.000000
   1227   127.000000
   1691   126.000000
   2491   126.000000
  29766   126.000000
  38641   125.000000
  57516   125.000000
  15578   124.000000
  48082   124.000000
   8219   123.000000
  43330   123.000000
  48084   123.000000
   6193   122.000000
  21294   122.000000
   7360   121.000000
  10278   121.000000
  19568   121.000000
 226817   121.000000
  15139   120.000000
  16865   120.000000
  10884   119.000000
  51440   119.000000
  15514   118.000000
  15710   118.000000
   5637   117.000000
  14532   117.000000
  26259   117.000000
  39476   117.000000
  33539   116.000000
  36165   116.000000
  51084   116.000000
  83501   116.000000
   7276   115.000000
 138143   115.000000
  60544   114.000000
 103164   114.000000
   7340   113.000000
  29658   113.000000
  29817   113.000000
  43342   113.000000
 226835   113.000000
   5239   112.000000
  65482   112.000000
 228590   112.000000
 101339   111.000000
   1474   110.000000
   1556   110.000000
   9363   110.000000
  14551   110.000000
  33182   110.000000
  54159   110.000000
  66139   110.000000
  66600   110.000000
 138416   110.000000
  15011   109.000000
  43331   109.000000
   2815   108.000000
   7384   108.000000
  42924   108.000000
 102597   108.000000
  12424   107.000000
  29599   107.000000
  32921   107.000000
  90737   107.000000
   2420   106.000000
   3486   106.000000
   5023   106.000000
  13257   106.000000
  16902   106.000000
  44611   106.000000
  76749   106.000000
   4392   105.000000
  14923   105.000000
  31884   105.000000
 138649   105.000000
   3814   104.000000
   5499   104.000000
  23477   104.000000
  36778   104.000000
   1954   103.000000
   2956   103.000000
   5153   103.000000
  14845   103.000000
  29842   103.000000
  32488   103.000000
  43332   103.000000
  10162   102.000000
  30916   102.000000
  32055   102.000000
  37041   102.000000
  15074   101.000000
  29813   101.000000
  31758   101.000000
  38557   101.000000
 226807   101.000000
  14569   100.000000
 134971   100.000000
 229341   100.000000
   1551    99.000000
   9515    99.000000
  16474    99.000000
  29566    99.000000
  30158    99.000000
  34404    99.000000
 139417    99.000000
   1597    98.000000
   5005    98.000000
  10531    98.000000
  29683    98.000000
  31225    98.000000
  31762    98.000000
  40787    98.000000
  44622    98.000000
 138141    98.000000
   5681    97.000000
  13075    97.000000
  34132    97.000000
  53855    97.000000
  68669    97.000000
 139052    97.000000
 226808    97.000000
 226811    97.000000
 226829    97.000000
   2286    96.000000
   5443    96.000000
   6261    96.000000
   9503    96.000000
   9653    96.000000
  15396    96.000000
  16473    96.000000
  21022    96.000000
  29646    96.000000
  31305    96.000000
  43335    96.000000
  60459    96.000000
 138142    96.000000
 138285    96.000000
    347    95.000000
  29600    95.000000
  29651    95.000000
  66090    95.000000
 138653    95.000000
   6951    94.000000
  27110    94.000000
  29810    94.000000
  35251    94.000000
  36084    94.000000
  43329    94.000000
  48985    94.000000
 226821    94.000000
   3120    93.000000
   7205    93.000000
  10117    93.000000
  24994    93.000000
  30490    93.000000
  43340    93.000000
  45101    93.000000
  46865    93.000000
  58813    93.000000
  81438    93.000000
 138415    93.000000
 226823    93.000000
 226824    93.000000
   4770    92.000000
   5060    92.000000
  12569    92.000000
  32923    92.000000
  33613    92.000000
  40397    92.000000
  80252    92.000000
   2793    91.000000
   5894    91.000000
   7154    91.000000
   9504    91.000000
  10145    91.000000
  10756    91.000000
  22962    91.000000
  54203    91.000000
  63655    91.000000
  96359    91.000000
 139455    91.000000
  16165    90.000000
  17193    90.000000
  29822    90.000000
  52587    90.000000
  69089    90.000000
 103165    90.000000
 119280    90.000000
   2898    89.000000
  14761    89.000000
  15043    89.000000
  15256    89.000000
  35551    89.000000
  42353    89.000000
  45527    89.000000
  71981    89.000000
 179746    89.000000
 226809    89.000000
 226812    89.000000
 226813    89.000000
 226827    89.000000
 226830    89.000000
  10204    88.000000
  33847    88.000000
  41854    88.000000
  45954    88.000000
  73980    88.000000
 228000    88.000000
   3095    87.000000
   4771    87.000000
   5972    87.000000
   7006    87.000000
  14571    87.000000
  15266    87.000000
  15865    87.000000
  29869    87.000000
  34617    87.000000
  35494    87.000000
  38515    87.000000
  43344    87.000000
 213758    87.000000
 234005    87.000000
   5676    86.000000
   5908    86.000000
   8843    86.000000
   9849    86.000000
  15455    86.000000
  20468    86.000000
  30619    86.000000
  37246    86.000000
 226413    86.000000
 232469    86.000000
   7117    85.000000
  10006    85.000000
  15526    85.000000
  16824    85.000000
  34328    85.000000
  43816    85.000000
  50871    85.000000
  63956    85.000000
   1220    84.000000
   3190    84.000000
  16093    84.000000
  36054    84.000000
  41809    84.000000
  43339    84.000000
  45526    84.000000
  49673    84.000000
 226916    84.000000
   1907    83.000000
   7073    83.000000
   7169    83.000000
   7527    83.000000
  12330    83.000000
  15624    83.000000
  29814    83.000000
  29819    83.000000
  30162    83.000000
  30809    83.000000
  37507    83.000000
  43336    83.000000
  43503    83.000000
  69187    83.000000
  81084    83.000000
 241027    83.000000
   4736    82.000000
   6219    82.000000
   6622    82.000000
  10527    82.000000
  12445    82.000000
  29634    82.000000
  29665    82.000000
  29838    82.000000
  41686    82.000000
  42866    82.000000
  43352    82.000000
  58901    82.000000
   4393    81.000000
   4797    81.000000
   6725    81.000000
  12680    81.000000
  14901    81.000000
  15422    81.000000
  15527    81.000000
  37298    81.000000
  37960    81.000000
  41846    81.000000
  41849    81.000000
  41851    81.000000
  61593    81.000000
  90588    81.000000
 232466    81.000000
 232470    81.000000
 232471    81.000000
   3112    80.000000
   3139    80.000000
   4327    80.000000
   6964    80.000000
   7399    80.000000
   9779    80.000000
   9786    80.000000
  14595    80.000000
  14970    80.000000
  29807    80.000000
  29815    80.000000
  29868    80.000000
  30571    80.000000
  31177    80.000000
  72657    80.000000
  90406    80.000000
  90809    80.000000
  96484    80.000000
 138468    80.000000
 226833    80.000000
 230085    80.000000
   3298    79.000000
   8378    79.000000
  14598    79.000000
  14765    79.000000
  30449    79.000000
  30928    79.000000
  31502    79.000000
  46672    79.000000
  47567    79.000000
  73966    79.000000
 110773    79.000000
   2580    78.000000
   9997    78.000000
  14797    78.000000
  15359    78.000000
  15732    78.000000
  32049    78.000000
  33993    78.000000
  37936    78.000000
  42493    78.000000
    336    77.000000
   1864    77.000000
   4399    77.000000
   9490    77.000000
   9595    77.000000
  14978    77.000000
  15546    77.000000
  25799    77.000000
  29805    77.000000
  31176    77.000000
  32041    77.000000
  37164    77.000000
  40174    77.000000
  45704    77.000000
  47062    77.000000
  90655    77.000000
  91329    77.000000
 129066    77.000000
 232468    77.000000
   3740    76.000000
   5564    76.000000
   9492    76.000000
   9506    76.000000
  10633    76.000000
  14743    76.000000
  29806    76.000000
  30093    76.000000
  30296    76.000000
  32065    76.000000
  34749    76.000000
  36179    76.000000
  36522    76.000000
  39750    76.000000
  48087    76.000000
  53834    76.000000
  58382    76.000000
  59130    76.000000
  79148    76.000000
 128522    76.000000
 226832    76.000000
 227608    76.000000
 233591    76.000000
   2846    75.000000
   2959    75.000000
   2991    75.000000
   4887    75.000000
   5307    75.000000
   5800    75.000000
   6121    75.000000
   6417    75.000000
   7110    75.000000
  14588    75.000000
  14599    75.000000
  14661    75.000000
  16907    75.000000
  18485    75.000000
  32056    75.000000
  33909    75.000000
  35713    75.000000
  36907    75.000000
  36908    75.000000
  44743    75.000000
  64695    75.000000
 138596    75.000000
 226534    75.000000
 232633    75.000000
     99    74.000000
   3019    74.000000
   4788    74.000000
   5145    74.000000
   7253    74.000000
  10220    74.000000
  10474    74.000000
  13443    74.000000
  14844    74.000000
  15750    74.000000
  20300    74.000000
  22621    74.000000
  29625    74.000000
  30575    74.000000
  37238    74.000000
  38215    74.000000
  43915    74.000000
  47568    74.000000
  53305    74.000000
  74084    74.000000
  90751    74.000000
 138144    74.000000
 139907    74.000000
 176425    74.000000
 228297    74.000000
 232601    74.000000
 232602    74.000000
 232603    74.000000
 232604    74.000000
 232605    74.000000
 232606    74.000000
 232607    74.000000
 232608    74.000000
 232609    74.000000
 232610    74.000000
 232611    74.000000
 232612    74.000000
 232613    74.000000
 232614    74.000000
 232615    74.000000
 232616    74.000000
 232617    74.000000
 232618    74.000000
 232619    74.000000
 232620    74.000000
 232621    74.000000
 232622    74.000000
 232623    74.000000
 232624    74.000000
 232625    74.000000
 232626    74.000000
 232627    74.000000
 232628    74.000000
 232629    74.000000
 232630    74.000000
 232631    74.000000
 232632    74.000000
 232634    74.000000
 232635    74.000000
 232636    74.000000
 232637    74.000000
 232638    74.000000
 232639    74.000000
 232640    74.000000
 232641    74.000000
 232642    74.000000
 232643    74.000000
 232644    74.000000
 232645    74.000000
 232646    74.000000
 232647    74.000000
 232648    74.000000
 232649    74.000000
 232650    74.000000
 232651    74.000000
 232652    74.000000
 232653    74.000000
 232654    74.000000
 232655    74.000000
 232656    74.000000
 232657    74.000000
 232658    74.000000
 232659    74.000000
   2421    73.000000
   3276    73.000000
   3291    73.000000
   5282    73.000000
   8677    73.000000
  12189    73.000000
  15517    73.000000
  18151    73.000000
  18209    73.000000
  22989    73.000000
  29802    73.000000
  30838    73.000000
  31005    73.000000
  40038    73.000000
  65137    73.000000
  83747    73.000000
 226819    73.000000
   2419    72.000000
   2936    72.000000
   3056    72.000000
   3383    72.000000
   4366    72.000000
   5065    72.000000
   5387    72.000000
   6866    72.000000
   9553    72.000000
  18873    72.000000
  22016    72.000000
  29861    72.000000
  33453    72.000000
  48840    72.000000
  74393    72.000000
 226805    72.000000
 226820    72.000000
 229329    72.000000
   3260    71.000000
   4064    71.000000
   5364    71.000000
   7122    71.000000
   7210    71.000000
   7292    71.000000
   8321    71.000000
   9113    71.000000
  14552    71.000000
  14669    71.000000
  14685    71.000000
  15002    71.000000
  23039    71.000000
  24022    71.000000
  27176    71.000000
  31501    71.000000
  45548    71.000000
  72605    71.000000
 114583    71.000000
 128552    71.000000
 140227    71.000000
 228878    71.000000
 231478    71.000000
 233592    71.000000
   2162    70.000000
   2601    70.000000
   5406    70.000000
   5957    70.000000
   5989    70.000000
   7252    70.000000
   9619    70.000000
  12266    70.000000
  14868    70.000000
  15024    70.000000
  17005    70.000000
  23012    70.000000
  27086    70.000000
  29635    70.000000
  30328    70.000000
  32038    70.000000
  35588    70.000000
  39271    70.000000
  42562    70.000000
  52644    70.000000
  57099    70.000000
  59021    70.000000
  60004    70.000000
  72601    70.000000
 233590    70.000000
   5501    69.000000
   7472    69.000000
  12272    69.000000
  15269    69.000000
  18434    69.000000
  23011    69.000000
  23043    69.000000
  26310    69.000000
  29594    69.000000
  29765    69.000000
  30800    69.000000
  33611    69.000000
  39357    69.000000
  44161    69.000000
  45248    69.000000
 103378    69.000000
 128551    69.000000
 128562    69.000000
 138838    69.000000
 144439    69.000000
 226825    69.000000
    679    68.000000
   1226    68.000000
   1232    68.000000
   4749    68.000000
   5055    68.000000
   5579    68.000000
   6798    68.000000
   9805    68.000000
  12238    68.000000
  12332    68.000000
  15426    68.000000
  15831    68.000000
  21927    68.000000
  23013    68.000000
  29593    68.000000
  29598    68.000000
  29764    68.000000
  29821    68.000000
  30167    68.000000
  33158    68.000000
  33967    68.000000
  35408    68.000000
  36328    68.000000
  41804    68.000000
  47156    68.000000
  48569    68.000000
  53231    68.000000
  72521    68.000000
  75304    68.000000
  90690    68.000000
 109343    68.000000
 127742    68.000000
 226816    68.000000
 226826    68.000000
 226828    68.000000
 226836    68.000000
 229335    68.000000
 232327    68.000000
   1038    67.000000
   2660    67.000000
   3108    67.000000
   3364    67.000000
   4990    67.000000
   5864    67.000000
   8047    67.000000
   8871    67.000000
  10693    67.000000
  12248    67.000000
  12884    67.000000
  13456    67.000000
  14754    67.000000
  14990    67.000000
  15081    67.000000
  15574    67.000000
  19423    67.000000
  23027    67.000000
  23047    67.000000
  23056    67.000000
  29633    67.000000
  29946    67.000000
  32061    67.000000
  36391    67.000000
  41391    67.000000
  45365    67.000000
  45451    67.000000
  49024    67.000000
  49067    67.000000
  51826    67.000000
  54101    67.000000
  63965    67.000000
  67499    67.000000
  71468    67.000000
  79137    67.000000
  81958    67.000000
  90598    67.000000
 126978    67.000000
 128523    67.000000
 138283    67.000000
 138418    67.000000
 138419    67.000000
 138623    67.000000
 138803    67.000000
 229620    67.000000
   1944    66.000000
   2034    66.000000
   3209    66.000000
   3662    66.000000
   4562    66.000000
   5489    66.000000
   9756    66.000000
  10733    66.000000
  15267    66.000000
  20160    66.000000
  23053    66.000000
  23059    66.000000
  24309    66.000000
  30799    66.000000
  31708    66.000000
  31783    66.000000
  33978    66.000000
  33991    66.000000
  38077    66.000000
  39241    66.000000
  46156    66.000000
  47060    66.000000
  50019    66.000000
  52501    66.000000
  59129    66.000000
  63217    66.000000
  69188    66.000000
  83114    66.000000
  90652    66.000000
  92351    66.000000
 107834    66.000000
 114350    66.000000
 230493    66.000000
 230494    66.000000
 230495    66.000000
 230497    66.000000
 230507    66.000000
 230510    66.000000
   2563    65.000000
   2729    65.000000
   4390    65.000000
   4756    65.000000
   4798    65.000000
   7036    65.000000
   9328    65.000000
  10684    65.000000
  11581    65.000000
  14513    65.000000
  14547    65.000000
  15111    65.000000
  17231    65.000000
  23015    65.000000
  30811    65.000000
  32053    65.000000
  32471    65.000000
  36056    65.000000
  38122    65.000000
  45008    65.000000
  63415    65.000000
  81957    65.000000
  83539    65.000000
 101720    65.000000
 154576    65.000000
 234003    65.000000
     43    64.000000
   3701    64.000000
   4411    64.000000
   4827    64.000000
   4939    64.000000
   9711    64.000000
  11307    64.000000
  14556    64.000000
  14757    64.000000
  15169    64.000000
  17163    64.000000
  23010    64.000000
  23016    64.000000
  29666    64.000000
  31784    64.000000
  35172    64.000000
  35196    64.000000
  36988    64.000000
  37013    64.000000
  37541    64.000000
  38109    64.000000
  41168    64.000000
  44006    64.000000
  44972    64.000000
  48607    64.000000
  49131    64.000000
  49867    64.000000
  50635    64.000000
  56967    64.000000
  60989    64.000000
  64328    64.000000
  72611    64.000000
  79339    64.000000
  90638    64.000000
 102039    64.000000
 105886    64.000000
 139985    64.000000
 145227    64.000000
 226822    64.000000
 226834    64.000000
   1557    63.000000
   1569    63.000000
   1690    63.000000
   2107    63.000000
   2282    63.000000
   3275    63.000000
   9517    63.000000
  14866    63.000000
  15253    63.000000
  23038    63.000000
  23041    63.000000
  23054    63.000000
  32057    63.000000
  33073    63.000000
  37716    63.000000
  50654    63.000000
  58441    63.000000
  60790    63.000000
  61489    63.000000
  66242    63.000000
  77801    63.000000
  79042    63.000000
  84180    63.000000
  84181    63.000000
  93278    63.000000
 119825    63.000000
 229337    63.000000
    783    62.000000
   1456    62.000000
   2265    62.000000
   3673    62.000000
   4375    62.000000
   5012    62.000000
   7094    62.000000
  10371    62.000000
  10704    62.000000
  10716    62.000000
  12311    62.000000
  12372    62.000000
  14817    62.000000
  16724    62.000000
  16825    62.000000
  20445    62.000000
  23009    62.000000
  23014    62.000000
  23017    62.000000
  23018    62.000000
  23019    62.000000
  23020    62.000000
  23021    62.000000
  23022    62.000000
  23023    62.000000
  23024    62.000000
  23025    62.000000
  23026    62.000000
  23028    62.000000
  23029    62.000000
  23030    62.000000
  23031    62.000000
  23032    62.000000
  23033    62.000000
  23034    62.000000
  23035    62.000000
  23036    62.000000
  23037    62.000000
  23040    62.000000
  23042    62.000000
  23044    62.000000
  23045    62.000000
  23046    62.000000
  23048    62.000000
  23049    62.000000
  23050    62.000000
  23051    62.000000
  23052    62.000000
  23055    62.000000
  23057    62.000000
  23058    62.000000
  23060    62.000000
  23061    62.000000
  23062    62.000000
  23063    62.000000
  23064    62.000000
  23065    62.000000
  23066    62.000000
  23067    62.000000
  23068    62.000000
  23069    62.000000
  26190    62.000000
  30459    62.000000
  33970    62.000000
  34733    62.000000
  36364    62.000000
  41322    62.000000
  50762    62.000000
  57288    62.000000
  60210    62.000000
  64546    62.000000
  65569    62.000000
  77084    62.000000
  84185    62.000000
  90695    62.000000
  97361    62.000000
 101675    62.000000
 138140    62.000000
 142992    62.000000
 185085    62.000000
 230441    62.000000
 233995    62.000000
 233996    62.000000
 233997    62.000000
 233998    62.000000
 233999    62.000000
 234000    62.000000
 234001    62.000000
 234002    62.000000
 234004    62.000000
 234007    62.000000
 234008    62.000000
 234009    62.000000
 299963    62.000000
    286    61.000000
   2819    61.000000
   4800    61.000000
   5852    61.000000
   5865    61.000000
   6414    61.000000
   7189    61.000000
   8195    61.000000
   8620    61.000000
   9785    61.000000
  12559    61.000000
  12960    61.000000
  14589    61.000000
  14703    61.000000
  15261    61.000000
  16127    61.000000
  18150    61.000000
  28099    61.000000
  43372    61.000000
  44593    61.000000
  47560    61.000000
  58249    61.000000
  67928    61.000000
  69662    61.000000
  83551    61.000000
  90637    61.000000
  90639    61.000000
  97778    61.000000
 123148    61.000000
 127553    61.000000
 136071    61.000000
 138563    61.000000
 138802    61.000000
 299964    61.000000
   2208    60.000000
   2395    60.000000
   2653    60.000000
   2934    60.000000
   3829    60.000000
   3942    60.000000
   4236    60.000000
   5019    60.000000
   5346    60.000000
   5635    60.000000
   5912    60.000000
   7680    60.000000
   9912    60.000000
   9923    60.000000
  10284    60.000000
  10626    60.000000
  12312    60.000000
  14566    60.000000
  14606    60.000000
  14655    60.000000
  14811    60.000000
  15331    60.000000
  16051    60.000000
