----------------------
. Matthew Huynh      .
. CS410 - West       .
. February 16, 2010  .
. stats for a0       .
----------------------

============================
getsections_dl + RTLD_LAZY = 0.27817s average
============================
0.19498
0.16859
0.22725
0.34625
0.21443
0.16330
0.24956
2.18341
0.16837
0.22800
0.16713
0.27583
0.22975
0.29543
0.20006
0.14759
0.15785
0.51137
0.17270
0.35355
0.16840
0.23928
0.17845
0.16553
0.23127
0.35661
0.16087
0.16839
0.22126
0.16285
0.34291
0.43212
0.17017
0.22679
0.19798
0.16977
0.20207
0.24108
0.20989
0.16970
0.18730
0.22309
0.20322
0.19709
0.77054
0.31886
0.21601
0.17289
0.29389
0.25515

============================
getsections_dl + RTLD_NOW = 0.30930s average
============================
0.23343
0.24482
0.38625
0.23578
0.70524
0.39808
0.16721
0.23215
0.28451
0.30355
0.19885
0.24946
0.24606
0.16612
0.27500
2.72813
0.31082
0.42097
0.16630
0.20516
0.20374
0.20204
0.24605
0.29364
0.20606
0.17045
0.19589
0.21466
0.36550
0.34804
0.26867
0.16236
0.22967
0.19118
0.20955
0.24273
0.16411
0.24265
0.58576
0.36333
0.16576
0.28411
0.20500
0.19429
0.24864
0.23022
0.20823
0.20492
0.25049
0.20957

============================
getsyms_dl + RTLD_LAZY = 0.24330s average
============================
0.70613
0.16028
0.32416
0.45359
0.22473
0.46300
0.23637
0.24863
0.16671
0.18394
0.17659
0.21072
0.19406
0.27779
0.16865
0.16806
0.20121
0.45901
0.31349
0.20489
0.22140
0.17662
0.44784
0.16917
0.25834
0.33825
0.35182
0.26718
0.18861
0.22260
0.16799
0.20893
0.20659
0.24054
0.22265
0.24785
0.17154
0.24468
0.17250
0.23034
0.19577
0.20975
0.17171
0.17466
0.22725
0.22379
0.16697
0.16525
0.16423
0.16820

============================
getsyms_dl + RTLD_NOW = 0.25099s average
============================
0.25961
0.20943
0.20279
0.25775
0.28306
0.30917
0.17180
0.20073
0.19657
0.20339
0.20367
0.16793
0.20350
0.18547
0.70974
0.25024
0.22325
0.21439
0.21593
0.19515
0.21122
0.18740
0.20222
0.21979
0.20597
0.26262
0.18219
0.20084
0.26103
0.25315
0.28967
0.17184
0.72470
0.23381
0.19390
0.17286
0.24488
1.06488
0.30390
0.19707
0.17616
0.19242
0.23363
0.20738
0.16755
0.15924
0.15515
0.17112
0.20463
0.23471
