1.27074963645525	1
2.18945202672585	12
2.99192800764668	1
4.10498948573805	6
4.97372235207338	3
5.18288142497071	5
6.33777313833717	5
6.34120553965412	5
7.90740077356856	5
8.38357619955247	3
10.2213058282327	4
12.7401351883327	5
12.9826787079927	0
14.8763924299438	7
15.9754660634517	2
16.4563332276722	2
19.9962950048051	0
20.2834913616566	5
23.7872249085257	4
24.5878858575377	7
26.45314484209	3
30.8533824799812	6
30.9782174055891	4
32.8964280331465	2
33.4890602847847	3
33.7969241382366	2
33.9129284467602	3
34.5186809084006	3
35.6857884921863	8
35.7485432756794	4
36.0096340817523	3
36.3007676285741	0
36.3794376940588	3
36.7057003571333	0
37.3074253038802	5
37.8972026497449	2
38.0744487194408	3
38.7988570853361	9
39.6307320856889	4
42.5725908731327	1
43.5069907760359	4
43.9144410427588	0
44.0936880146359	2
44.1929015085953	0
46.6616864470604	3
47.27043748128	0
48.6292161457081	6
49.2140693622039	5
49.7331244867842	5
50.7409523987294	5
51.0248680392035	4
56.9506153667305	6
57.2103953583547	3
59.7115809185829	5
63.703204815341	2
63.8738015394328	4
64.8534175207535	7
66.3173337332978	1
66.4541035343822	2
67.1813448833662	3
67.9521436304926	3
68.0908740822774	3
68.7472958611852	2
69.140319026044	3
69.4296519794138	6
69.5880701552314	3
70.7666365597122	1
70.9684480936438	2
71.3811673263329	4
72.0587843967917	6
72.7233214996466	0
72.8514395637341	5
72.8618313358206	5
76.0362377776703	9
77.7942643528708	8
78.8792013186553	3
81.8492896379592	6
82.5605160069897	1
82.926458524547	1
83.0585327634753	0
83.366588659926	6
83.7126120574463	1
84.0740724373645	5
85.5735108761716	6
86.0114663980549	1
86.5873987576851	9
87.087615308547	8
87.1557078369788	8
87.466307114469	4
88.9976339115462	2
90.5498103875253	3
90.5809309925087	3
92.2735074683492	4
92.3698100252025	7
92.8994997885147	3
93.5875250978155	5
94.1094525231409	3
94.4261994899879	7
94.6162157980138	2
96.1825682742971	5
96.5742455933841	3
97.5008476162447	5
97.6906446085663	3
98.7579742141645	5
99.8546398135933	2
0.596063530900973	1
3.94733021816208	3
4.35897761606267	3
4.81311377658781	4
5.21240130039384	3
7.76474734681612	3
8.00910089679859	0
8.08165113314703	1
10.1292827326361	5
10.4124972620418	4
10.9830780949596	7
13.8346161678706	1
14.9101170704445	0
15.6043553759057	8
15.9067493600975	7
16.3403938961737	9
17.9755308513208	2
19.6865802490831	4
22.042254502107	6
22.2266481133435	3
22.8194127595968	1
23.2350493590455	11
23.7361088134279	3
24.9383985271243	2
25.5530121352305	5
30.7341741273131	1
31.3676057118351	5
32.0697836820841	2
33.3541575070464	2
33.6526951586192	6
34.2322426277706	1
34.6019186120756	5
35.4638994349584	3
36.4600309114664	4
37.179493852791	12
37.3643567376812	11
37.6641472004357	9
38.8620596650339	3
39.1547597871216	2
39.8424253890409	5
40.0565999612907	1
40.1482599284866	4
40.9215678987078	2
41.030826906513	1
41.6651193447679	1
42.2474551354241	7
43.885912940127	0
44.3299989722868	4
44.949567374246	12
45.737072153961	1
47.6466160213713	3
49.8709077594177	5
50.252507384287	8
50.567645702248	12
51.3825379138149	3
51.8004293886143	6
52.368146824355	12
52.5564985550811	5
54.6469747371382	8
54.752731109238	6
58.6942987101483	5
60.8953437769011	6
62.2203229732	1
63.2738733691907	1
63.5117769628113	3
64.2687492125936	6
66.0881539080703	1
67.9736725183578	6
68.5352199473387	5
68.8057971684875	2
69.7790494808532	8
70.0211711691635	7
72.1978942592967	7
73.0282413364351	10
73.6590779705463	4
74.1973936376099	4
74.7554871218979	6
77.0644416585818	5
78.3626820357481	2
79.2174287866737	2
80.2216154587743	7
80.3511621094671	4
80.7054997757353	2
81.1796074366986	2
81.578780972634	2
82.0407277643554	0
86.6610488853847	8
86.7301063717246	6
89.0207059903581	4
89.3374951594947	4
90.3256298905588	0
91.558814192408	2
93.2872637090025	7
93.4852344257896	3
94.5570814282717	4
94.9939699731523	2
96.0125077096904	3
96.7280944067704	3
96.9355484699611	4
99.2102599551974	1
100.331501253573	3
104.837829794214	1
105.830835376658	7
106.79061437409	3
107.730656433489	2
109.730932219125	1
109.939260757138	5
111.676111909386	6
112.319216408139	2
112.604340715636	2
112.698442645984	3
112.907276969516	1
113.220055118428	2
113.441891521807	3
114.076519428012	4
114.714723147786	6
117.085182170968	1
117.829778335294	1
118.345083499982	1
119.86025940819	4
119.874477796911	4
121.528800561342	1
121.556553805229	2
121.719277412684	3
122.019531309128	3
123.073062855696	5
125.795368994061	5
125.821332038844	5
126.394353480986	2
126.516793937394	0
127.454654326188	1
128.496896309265	3
128.617671392469	3
131.121530877889	13
131.332623816406	2
131.964997274262	8
132.003004287079	10
132.003539461575	10
132.300866991411	5
132.456114465556	4
132.879466385187	2
133.185882448212	2
133.77931594594	9
134.835854606572	5
135.047024153644	11
135.172423601674	7
136.794028275171	2
137.262127070276	5
137.26507087332	3
137.573205404513	2
141.291504299181	15
144.497207684321	0
145.970104485649	0
146.659012867297	3
147.934021269172	10
148.124732367279	9
148.150834256346	11
152.374840856335	2
152.826266562986	0
154.92837301035	2
155.351375674688	1
156.844508309755	1
157.374881075934	9
157.416808711266	10
158.076061018997	2
160.593480426603	4
161.839521372803	4
162.944014909065	5
163.112982818587	6
164.911550962151	1
167.022641566905	3
168.264793744064	6
168.562074144089	2
168.82363575911	7
169.189595534431	3
170.763576702435	4
171.656727554649	5
171.833248648087	7
172.712055419631	5
174.808436382696	4
175.264869886614	2
175.442107227149	3
176.045690030481	3
178.812068674133	7
178.90322076149	5
179.875683401415	7
179.95388645265	4
180.720123390525	0
181.041883957878	2
181.206720918719	3
181.830767864014	0
183.586161960437	1
183.595022815394	1
184.160784990375	5
187.989722763187	2
189.88028098762	0
191.390657297696	3
191.786496097205	2
192.636740684275	2
193.430403197168	3
193.516640708095	1
195.28314327352	4
195.671723394412	6
196.0833805595	2
196.397691821441	2
196.973073733188	6
197.631710818229	10
100.292138419185	2
101.060245214106	3
104.087827357013	3
105.83577947966	3
107.364026459018	2
107.799709727259	9
108.053436018789	2
108.106158465457	2
110.683426298469	4
110.795012436249	1
112.221679489496	4
112.657482436683	6
113.630487808541	1
114.151858797144	6
114.397280725292	1
116.420657887765	5
116.782952453909	6
116.919636218475	1
117.232760874544	3
117.238168757991	3
119.852869539115	3
120.737056916108	8
121.818054168993	9
122.550083348268	5
123.207912965793	1
124.479968364184	5
125.027388860096	3
125.211576690329	9
127.054639300843	3
127.233531401723	4
127.714540612254	4
129.424548701617	2
129.524251960315	5
130.36181366909	1
130.432256017123	1
131.270055753808	6
131.496033600616	7
131.629672385888	2
131.659736810984	5
132.034114160115	0
133.183816398607	3
133.656006632199	4
133.677960342106	2
134.151109119064	3
135.116159570694	8
136.824157828439	8
137.141131182584	5
138.420462799368	4
139.437157903248	7
139.445268464409	6
139.732597438117	3
139.916316529535	5
140.149175554963	3
141.412321231616	9
141.834844220798	6
142.704735404868	2
143.252456873368	13
144.367774794333	9
144.522173445789	6
146.325604899112	2
147.024427181065	3
147.624980155655	5
147.699159742883	3
149.237434082043	3
149.252446850553	3
152.971545805774	3
153.440575620283	6
153.859883278148	2
155.109304916955	12
155.7013774074	4
155.716304097218	5
156.676485653445	8
157.388239451214	2
159.701466694527	0
159.780904317557	3
160.038361743443	2
160.557603729821	0
161.455401170863	1
162.589512224894	5
164.479664962504	4
164.817553072776	4
165.650018639915	2
166.235951218994	4
166.747284729712	7
167.941995298494	0
169.402391550787	3
169.512325437086	6
169.779147955218	5
170.713041314736	2
171.084189304235	2
171.508173491101	3
171.568589411367	5
171.668286239568	5
172.927863313487	7
173.377612517128	5
173.433095545806	1
173.603277590815	4
173.615884561801	7
173.833183868917	12
174.402878196669	12
174.651116405329	8
174.699797746163	11
177.321421364778	5
177.726400185576	3
178.22803692095	2
179.806495851505	2
179.9552002848	3
181.568465385609	6
181.816218006907	1
182.576395737714	2
182.661840620294	2
182.903865663841	5
183.438958472252	2
184.564870288423	2
186.641721770019	5
188.285794923964	3
189.695612893902	1
190.728039317234	10
190.880564470081	4
190.907025675196	1
191.95857277547	8
192.742424409766	1
193.812668779389	5
195.120005843517	3
195.397320035663	2
196.039179075601	3
196.541998174766	7
196.726676473945	6
199.82388564616	4
100.357293383991	1
101.336378912598	6
103.652276364358	4
103.69268188061	2
106.501112515071	4
106.780628638027	4
107.822685091118	9
108.108879537373	5
110.07691919141	15
110.153727019033	9
110.483370027098	2
110.727417394004	2
110.760152803675	4
111.701493503965	2
112.387768838885	4
113.333160476703	4
114.667393239277	4
115.474340927724	3
117.818261772132	2
119.245255364253	2
122.127866319932	1
122.410809817699	2
123.7098799825	6
123.79944035727	1
123.890443648247	0
124.355454609381	6
124.407676517663	3
124.778169509396	6
125.733283469333	0
126.449778730821	4
126.718279077513	1
128.421379315185	4
128.654678847444	3
128.913095134352	6
129.530764545891	5
130.490753789185	8
130.526313007371	8
130.642480216492	7
130.818585580117	8
133.518875206336	4
134.493987003251	5
134.815629861939	3
134.827189024232	2
135.289945928138	9
135.362065852156	4
136.37290687175	2
136.430719440769	2
136.850669456711	5
137.70475506033	4
138.883915319224	6
141.785200728575	5
141.877151470338	2
141.979211393491	7
142.744279459818	6
145.272599323079	8
146.562911227344	5
147.01179711151	1
147.133228009083	1
149.079491841997	1
149.831752595149	7
150.07748836854	6
151.904201222287	4
152.707845025446	5
152.712585293464	5
154.519019594385	2
155.729328886845	1
157.646367312995	3
158.243607176359	2
158.381028907285	3
158.505166273269	6
161.250079097359	16
161.758305898174	3
162.215165057275	2
162.294136360747	4
163.269054732259	9
166.599056993472	7
166.78098711536	2
170.096817471876	8
171.109854777525	3
171.318286674898	8
172.410005275135	3
172.776030578015	3
173.672549624411	2
174.744643306761	5
177.577602844542	3
177.735460280439	2
179.00643954872	2
179.386498849956	4
181.057188779642	5
181.835754499721	2
183.144962852113	5
184.430906998782	7
185.019455989506	3
185.710725704861	2
185.85608125428	0
186.654263794992	2
187.198932326337	4
187.734808776778	6
188.773259475079	2
188.781972393502	2
189.608957884636	4
193.463605579095	4
193.933285751512	2
195.084841440917	3
197.081191285117	5
199.749078592292	1
100.445301917689	10
100.595200261297	6
100.62086085656	7
101.369885390902	1
102.063463980945	2
103.302979508562	5
103.437720508927	0
106.25559838841	3
106.499908149238	8
106.532916227418	8
108.510059335387	1
108.790213895889	3
109.388085378907	6
112.710482475496	1
113.378780093028	4
113.596609317717	2
116.938629841528	4
117.570871718855	5
118.608913442855	2
118.905410333176	2
120.286551953159	9
120.57971409367	2
121.19503546999	6
121.510555207014	0
121.598821490939	3
122.379160127497	4
123.483948767819	3
125.32747467711	4
125.615260249846	2
127.739490741455	2
128.745294599011	5
129.626433773386	6
130.071257734731	6
134.172193711644	7
134.93037058436	9
135.79945217015	3
137.918936592439	2
142.330005340951	1
145.771464664604	4
146.36465071597	6
149.105140156311	9
149.476446793549	19
150.087056607748	11
150.77078115654	3
150.784168249408	3
150.889058432216	4
151.416351381164	1
154.78282647032	4
155.352373034974	6
155.7147905664	3
157.101000407515	5
157.161395380554	3
158.047108374361	6
159.340962362619	1
159.483416072215	1
161.81731875677	4
162.684708665905	1
166.295769982239	3
166.807338609544	2
167.439803072512	5
168.776244417268	3
168.887009005291	6
170.112167951484	4
170.970345375679	3
172.590478754336	0
172.743619319266	2
174.414816694054	1
174.471823963499	3
175.319086974092	7
175.866025821702	5
176.364458046436	9
176.757297542496	15
176.89096075795	4
177.770795484108	3
181.677944550457	4
183.543070532654	3
183.770921091619	7
185.158942833079	3
185.791714184041	6
185.8556189198	5
188.066232171467	2
188.14633079638	2
188.157968703401	3
188.308215081932	2
188.636507795837	3
189.155974236418	6
189.628895448449	1
191.590523221662	2
192.32646246567	8
192.437593922262	2
193.259276175358	2
194.601115663153	0
194.805919303258	4
195.063726820162	2
195.671221243888	4
196.646887852994	4
196.700005449201	3
197.876140768113	2
198.956185798614	6
199.493098976892	1
101.870005486912	0
102.222528998966	1
103.309683247854	1
103.852752399533	2
104.223580883788	3
104.546306929641	2
104.574481214203	3
104.599575651423	0
106.705061729092	2
106.83536236437	1
107.548196251208	9
108.82345615771	4
109.499235647509	1
109.70306955952	1
111.318410590226	3
111.702485254897	4
113.549391967595	6
114.36998935562	11
114.408678559994	10
114.826605313253	2
115.124074015749	5
116.381165211152	3
116.500605462574	4
118.183074287994	2
118.690597525665	6
119.156250834923	4
119.54994568688	1
119.645611895792	2
120.042764149632	5
120.104103462429	6
121.923195911711	2
126.119594854912	0
126.793765214927	3
128.640509521805	9
129.729660946455	6
129.831248249021	1
129.850314077388	2
130.900803647288	5
132.603523919554	1
132.830921756146	4
133.118229660445	3
135.277998710144	8
135.328257117658	8
135.725562167186	1
136.358164496315	8
136.375445085393	12
136.614121082019	11
137.503128412679	1
138.123698837978	2
138.373068802073	3
138.596523903471	10
139.422544213772	2
139.886082566903	5
141.991985885084	7
143.065635346568	3
143.882343622721	6
143.961199389141	4
144.180835729254	5
145.923023872646	4
146.291983772464	1
146.548070000618	1
147.13710318197	6
147.789293243109	2
148.413049467341	2
149.503352710265	1
150.677241701688	7
152.5515132588	2
153.157281584996	2
154.404559881706	2
154.721147238333	2
154.933007423908	3
158.082238538407	7
158.984291403665	3
160.204158163064	3
160.742857887152	4
160.872590984357	5
160.884302369689	5
161.024059157976	0
162.530695414103	1
163.453278364827	5
163.533598848193	6
164.818257942111	3
165.498636646792	3
166.048158355447	4
167.82877968324	8
168.192769981377	6
168.8588691269	4
170.328798997215	4
171.010946499976	1
171.120770248258	5
171.914559354384	1
172.217590624795	3
174.905177451805	5
175.177214781652	2
175.249312707077	1
176.994259165489	0
177.717320483596	10
178.650520167438	7
178.953478769496	4
181.026286158299	4
181.66016874172	4
182.047352493344	3
184.831902867764	6
186.142642513798	3
187.139821068203	0
190.991837701396	4
192.496618726103	2
193.649896751764	3
195.006044983358	4
196.781795993488	4
197.002567354576	2
197.874267927402	8
199.646234197623	4
103.416039653677	3
105.16724343759	7
106.682075306037	0
107.763903658278	2
110.084286510489	2
110.152981171156	5
112.138029610076	8
114.015612478513	3
114.034899185053	1
114.094314946232	2
114.860049717622	0
114.868526096374	0
115.669492219337	4
115.92494212459	2
116.174536669868	4
117.23945903892	5
117.585495717989	4
118.691755989045	3
119.195670665439	5
120.163459792243	1
120.494592835004	8
121.85108174336	11
122.679223481534	5
123.624417641666	2
125.172804558507	4
125.636611336572	0
126.475523972864	1
128.648258074197	3
130.85939098651	3
131.735483758907	0
132.984444322038	6
134.269510969789	9
134.304157071962	7
138.920093515219	0
139.359370238223	5
140.98496531821	1
141.457806779534	1
141.599201962785	1
142.375790691389	1
142.915659068171	2
143.018252692413	2
144.041367205738	4
144.540108595139	3
145.048137417824	0
147.683129879541	0
148.845982127596	7
150.342421388258	2
150.841869731031	1
151.17064563487	1
151.913432984707	6
153.069224273847	3
153.958124077299	1
154.129681225128	1
155.230862992274	7
156.336231404556	4
156.486070002392	3
156.563046408308	7
158.347256424191	0
160.045515925187	6
160.084721465776	8
160.391943268369	0
161.877937686567	7
161.97936778528	4
164.099580242225	8
164.829191243899	3
166.296356192675	3
167.031288819812	7
167.896071692422	1
168.191958897359	4
169.518891310698	2
169.549063627298	0
169.618646680827	1
170.473419858453	5
173.778682842208	2
173.918422112048	4
175.314825218072	3
175.685797340763	1
175.984145614328	3
176.798342069646	2
180.21330031171	2
180.287504639092	3
182.29572172271	1
183.660745612177	0
184.618918068857	5
184.799388577106	2
185.023560809864	3
185.116040402657	3
185.124333309577	4
185.457380083774	3
187.48344147186	2
188.20708970289	2
189.61602225713	5
190.348819982768	7
190.417231244272	5
190.816786659344	0
192.756886025816	1
195.638006038197	8
195.908458815109	6
196.625764595114	0
198.391340382642	1
198.393019220407	1
199.30535859909	1
199.798685113255	6
100.389511089466	3
100.610165885239	3
100.646726098082	5
103.965147324601	1
105.787277260575	2
107.354455217678	6
107.739106076342	3
108.197161072636	3
110.867117927284	1
111.194817094733	5
112.657975735075	5
113.507424102092	0
115.732548214235	5
117.161339479414	2
117.610127815221	12
118.504899803765	0
120.034603670345	6
122.287976838622	3
122.350580324616	3
123.296089549825	2
123.51443713921	7
125.165078942474	3
126.431085761145	3
127.321642667133	2
128.120109729693	2
128.196929461554	1
129.49972568292	7
130.211286315213	5
131.097364219989	2
133.533974870963	7
137.665082513502	13
138.554325074823	6
143.598186831474	5
143.800136838823	6
143.814184463824	4
144.345718396791	1
146.900599087182	4
147.520080165131	1
147.786620491748	1
148.393063146591	1
149.670976919274	5
150.600774005137	5
151.966206746953	5
156.182025988642	4
157.390941598213	0
160.383105924815	1
163.142396804243	2
163.710830829377	1
163.921068961841	1
165.070245855771	2
165.95385254924	2
166.785317841506	2
167.044199588277	5
167.79792989632	2
167.883948575398	4
168.034840287593	4
169.124116946969	2
169.164988005018	1
169.521729897259	2
170.835888891073	2
171.118142946268	7
171.771259636458	1
171.870178895415	4
173.202959320702	3
173.543870152642	4
174.181740351612	8
175.016913824933	4
175.285095353334	3
175.720242376558	5
179.029029842685	3
182.331031931962	1
184.508524066441	8
186.061077585674	0
188.806727272741	4
189.634977682762	6
190.199907522064	5
190.512396377333	7
190.699234757629	3
191.008008792348	3
193.199125547687	3
193.349774538567	3
194.276255867445	4
194.569457101981	5
195.393236598443	3
195.826331823976	6
197.790495844206	6
199.607150512464	3
100.107335351395	3
100.506822476203	0
101.729415378255	2
101.996414867342	3
102.031433843435	2
103.52375024956	8
103.579439385397	5
105.331419514233	7
107.327151769723	1
108.908685896208	2
109.037331710607	4
110.277204294882	2
110.300941041041	2
111.938624460171	3
112.773509397714	1
114.883259469082	2
115.394872614289	5
115.528557214893	5
115.624206164967	3
115.801107063587	1
116.19392426856	0
116.453293492514	3
116.630445290071	4
117.246983950117	8
117.799521624562	1
119.421890754348	5
123.31792319338	3
124.657809716569	3
124.884177402613	2
129.185194816464	11
132.673670686882	2
132.919018752316	3
133.397934972305	3
134.231865624505	6
134.43542871358	3
137.287295820605	3
137.622816472051	3
139.163393582794	6
140.933309821906	9
141.105532861187	3
144.264844361651	2
144.379508830542	1
144.481601083749	1
144.659784361672	0
146.625203631894	3
147.200432852109	2
149.490409156133	3
150.738989529503	4
150.868967549212	1
151.022097927282	4
151.458280778598	3
151.504610159875	4
152.092122278492	3
153.473830969578	2
154.471019945028	6
154.89037523024	6
155.102869413475	0
156.301945277493	0
156.390681757792	1
156.904377019531	5
157.119027264592	0
159.483999727497	5
160.384788638218	6
161.616095498094	4
164.024796825378	6
164.161894640683	2
166.685010132616	3
166.846274096161	0
167.365522800929	1
168.642920983975	3
168.74850203335	5
168.872780995387	1
169.03392866355	1
169.917652717329	2
170.112402615249	4
170.560458640767	3
171.666884703	3
171.669059597465	3
172.578887115905	2
174.128867330851	0
178.630914974382	4
179.142812255372	2
179.212668035078	5
179.84937257555	5
179.862826136825	3
180.683416845193	2
182.48802760404	7
183.465552280593	4
183.618347682247	2
184.772184414592	0
186.872474437334	11
188.42401425401	4
188.978786387027	4
189.288562168411	1
189.416057397549	3
191.127164348669	6
191.953696943239	3
192.168363355085	4
193.490578274004	6
194.234351514599	13
196.218697081466	1
198.311410367094	8
198.636125161525	0
198.870476503487	6
100.678169947368	3
101.647161613729	4
101.928307095425	7
103.039863167253	6
104.118765725491	3
105.336301322036	0
105.528528223787	1
106.139005254093	1
106.56802287745	6
106.577280944218	5
108.326336751379	4
108.51214013894	5
109.140725376223	3
110.502342544927	5
112.025009731608	5
112.293937684478	2
114.395526842853	4
115.151603794179	1
115.442444440319	3
116.477268392055	12
119.007061513731	3
122.784988545086	4
123.977018293808	8
124.860726329525	3
125.677670958776	2
126.560317748464	0
129.147963113974	5
129.151476928326	5
129.940793717007	0
130.259530767771	10
133.534179759807	1
133.958348546345	3
134.399762618587	9
134.434579894088	12
134.558368558822	12
135.277827569395	0
135.43355913495	2
137.016250432223	1
137.616363086497	4
141.100782137889	4
141.354110558454	2
141.73074041279	3
141.783432865248	4
142.571081291406	4
142.745233133205	0
142.79157879839	4
144.84913090589	6
146.436808954186	4
147.012218202145	1
147.331710983708	6
147.9280610418	3
148.146088378201	0
148.588235504933	1
149.02614270374	7
153.307354275837	3
155.05627675292	2
155.1594734545	0
158.149555427438	3
158.159129807303	3
158.968987892384	4
159.616664501451	4
160.854721926673	7
160.996241311871	5
161.391742352659	3
162.926012103606	2
163.367062538553	2
164.396822265691	3
165.807965051329	3
166.531738272168	2
167.807099132647	2
168.782298346538	4
169.388909634545	3
169.650945244957	1
174.104007465515	5
176.11627981377	10
176.349002789811	8
176.951322547076	1
178.58189263048	4
181.20732308599	0
181.970665252706	4
182.232064667593	2
182.270513124865	0
184.132855856866	4
185.555037618503	3
185.787672208536	2
186.017861198562	1
187.389550798484	1
187.909778643266	3
188.25982594341	6
190.822832971515	4
191.885903355044	2
191.989796587935	3
195.903382594208	7
196.019151542984	1
196.720204528678	4
197.427671371011	5
100.154887944826	2
100.775167740898	11
102.887807454038	1
103.338085893865	4
104.064058726304	1
107.373261662017	2
108.212786436977	8
110.703285272366	7
111.917567967195	6
112.295681882062	10
116.036888670644	2
116.97300213783	2
117.868477073959	3
117.88235228584	3
118.465344982296	3
118.956752076206	4
119.307510941513	4
119.42436910726	3
119.879994652528	6
120.410723658444	7
121.083020885462	3
121.172015317865	1
122.220184830942	5
123.461544561958	6
125.153958627825	1
128.358679319989	5
130.710357196837	2
131.205331003327	3
133.16274803659	5
133.507014702023	4
134.367432645348	4
134.6095437428	6
136.538282007541	0
136.54304515579	1
136.755405356605	8
136.834590993785	9
138.11191083848	4
139.011400870637	2
139.215479673131	5
140.122820250267	3
141.965319126766	4
143.504587890805	7
143.692986205986	5
143.736377024078	3
144.175882283787	0
144.411043155102	5
144.560381681272	3
145.416466792348	4
145.984434630797	7
146.700445835773	5
146.968023177495	2
147.342477622798	3
148.043230335307	17
148.060628409309	17
148.370920258474	18
148.436146272864	16
149.218813423927	0
149.894908611364	7
150.702397858646	0
151.861213549293	6
152.28380076557	5
152.658683292935	2
152.667067931798	2
153.740095260385	4
153.893387210905	7
154.853849726255	2
154.915488906692	3
155.562588010283	3
155.726444768622	1
156.174444439148	5
157.625999344114	1
159.78106323311	7
160.072198834058	3
161.009141949671	0
161.494816474331	5
161.884681563097	3
162.285992733779	1
162.939905897187	3
165.451053428202	4
166.08477314858	4
167.313643833333	0
168.66780814733	4
172.862417791352	2
173.888049291208	11
175.097099304169	5
175.274273610308	4
176.315522339387	2
177.336488127789	0
178.457827277746	4
180.203324757022	3
181.721758270306	6
182.382198236117	3
185.934369374969	3
186.507791509288	5
186.586085644338	5
187.233622612853	9
188.681762139976	0
189.046680761215	4
190.826142762271	2
190.846536917496	2
190.883494768479	1
192.938994362735	2
193.441704080942	6
194.058998587719	4
194.244860061485	9
195.152280908035	0
196.355724173897	4
197.236949323438	3
198.083649658798	1
198.295086085598	4
199.170245416453	5
102.254401583567	4
103.09230872933	5
103.686990788713	2
104.215810404165	5
104.377142951449	7
104.922633233201	5
105.575583212481	10
105.702660330427	2
106.296688443111	7
106.576089707013	3
108.151600818538	6
110.749044858526	4
111.61827416239	0
111.937863348747	4
112.141770138229	5
113.020787512085	5
114.741876135846	3
115.162667894989	1
115.801665472411	3
117.11803312945	3
118.743491251911	5
120.715095229164	0
121.231899821146	3
122.516991705595	1
123.099121969935	0
123.193846582462	1
123.618542376796	8
123.717330993058	2
124.280612922582	2
124.613194772927	6
127.081403660127	4
127.936806533064	3
128.071542889839	6
130.650360940931	6
131.246839000607	1
132.098453000678	2
133.245413264923	0
133.270198480493	0
133.503460429092	4
134.484321014304	3
135.254733175256	2
137.057782471433	3
137.867527118235	2
138.142617368854	2
138.185418281315	4
139.314632351798	4
140.617249804315	11
142.069651673454	1
142.911562630876	0
142.961514892764	1
144.687454651351	10
145.974849923132	4
146.002054935985	2
146.59640096744	2
147.092158111252	3
148.23185186989	5
148.668172698384	10
148.728358248506	9
149.101980923533	9
152.816839650938	2
153.648702335587	3
154.733897628872	2
156.054450345314	4
158.238026740035	4
159.232715617542	7
160.423909759746	7
160.750137764155	2
162.039083702794	5
163.362864497356	2
163.472133310347	5
163.698154180638	4
164.171046861401	1
165.881180871664	6
168.542409260902	5
170.213664053159	2
172.684564394199	0
173.011411695261	2
173.552231984917	4
174.073325367174	0
174.388114132658	3
175.408058063243	5
175.65478950845	2
175.846845859969	3
178.388227966646	3
178.838760509348	5
179.570618724291	3
180.34196985289	2
182.367356683613	0
182.527764461294	3
182.694265399932	6
183.524545750226	2
184.63347383481	4
186.409092578839	22
186.554522202567	23
187.280233682936	5
188.620847249424	8
188.787141929941	3
189.462152079039	3
189.579670109261	0
190.849705762352	2
195.881522094795	3
196.966986748745	1
197.097748093154	6
198.769548561689	6
199.668133947174	3
101.745666417406	4
102.914553518181	3
103.086281413414	5
103.720995504444	0
105.087573648621	4
105.236036920458	5
105.658160788439	2
109.101235221228	6
109.781785449747	3
112.338693187352	1
112.522839963314	3
113.492271900596	5
115.004811823922	0
116.383794345718	1
119.104226064378	1
119.48973591578	3
121.077678273606	0
122.215641600963	4
123.444242173814	3
126.871844170062	6
127.018352135583	5
127.388682911656	5
128.705515465449	1
129.420306127092	4
129.736611151083	1
132.874403903035	1
133.002414439624	3
133.579985441358	8
134.148639892652	3
134.598525304183	6
135.142385520657	5
135.418749685745	2
135.88124221696	2
137.091410205085	5
137.449922108048	1
139.706054498885	5
139.873094745926	4
141.050710407939	8
141.874220544539	3
142.887489326201	5
143.365641842298	1
144.977195764459	4
146.011269773173	1
147.77269433413	7
147.917052236476	2
148.418693076798	1
150.067090783847	2
150.992251368439	6
151.419400502033	2
152.078602749798	4
152.418480634519	2
152.43381911665	3
152.566460901908	6
152.655572350655	2
152.726080920032	1
153.352776158328	3
155.864176557929	8
159.584114161306	3
162.400008092596	3
163.497465041055	6
163.5230254755	4
165.473979247186	6
167.327548790077	3
167.475602437822	2
167.54397410568	2
168.928224063737	7
171.117721116145	3
171.320925902255	1
172.533939614525	3
173.020821294674	2
173.678557195363	1
173.898240153114	0
175.289878424404	0
176.268511989148	3
176.385302693412	1
176.534551815681	2
176.567110056852	4
176.85229989541	12
178.985096093466	2
181.114924303358	5
182.646235174302	2
184.43887644287	4
187.35868966891	7
187.402375698301	8
187.806205451775	7
187.918608735521	5
188.500355481439	1
189.35622111272	9
189.593330386015	1
189.655918223439	6
190.776581580582	4
193.026658790035	6
193.353591524175	4
194.566373904846	1
195.689643896343	2
195.806921786376	3
197.823269839119	3
198.014938755171	7
199.160395181186	3
199.837946721559	4
100.93425301019	11
102.740217455487	2
104.106612128268	1
104.190254066254	4
104.940973388191	2
107.724111689481	6
110.698698075026	1
111.704506289367	1
112.905551499257	5
113.165301455437	4
115.692898440059	6
115.729970931311	6
116.562527154254	1
116.646814563224	3
119.492847984624	5
119.967593778089	2
121.905091535008	1
121.944626360081	5
124.011996938298	1
124.318910452704	5
124.50229805982	2
125.805499203028	4
126.802519795231	0
129.815498425611	5
132.149999346462	2
133.486045671782	1
136.385641470043	9
136.479761898805	6
139.37387602109	4
139.782629678488	4
139.83251686665	1
140.169236950352	2
140.484728595246	2
142.670012532679	2
146.25631773076	7
147.085387168323	3
147.959691337366	5
150.804928281395	0
151.726853944179	1
153.09555095048	1
154.954390944936	3
156.710030835509	6
158.751502291781	3
159.044771853382	1
160.877831600206	1
162.505778289186	4
163.156363634397	1
163.94927646125	3
167.433929861847	2
167.969712467619	2
168.356204800424	1
169.251442206735	2
169.861895310839	0
171.069877672752	2
171.721900503451	6
173.492939200785	4
174.239195830819	6
174.572805895852	2
177.807371889172	2
178.102632673523	5
178.378677244158	6
178.665297860271	3
180.090897203248	6
180.871628696617	2
181.920292307772	9
183.172603530642	10
184.464377243111	4
185.398722870336	5
187.152136412861	4
187.531002248123	0
187.694460290776	1
187.699201445883	2
188.766677805673	9
190.027666814392	3
190.082768372378	2
194.046148182886	6
195.134456951722	7
197.060144790709	3
198.227977073111	0
100.083453011037	1
100.831057885856	3
101.023162963528	2
101.259246285729	1
101.603230558107	1
103.214600283398	0
104.041151587012	0
104.173380130975	0
104.253589224614	1
104.460861098114	0
104.816103619261	3
105.69285629333	0
109.097201421808	0
110.077885342714	1
111.41666794716	0
112.940950992318	3
113.154625444133	0
113.236110867803	1
114.145788084658	0
115.129288084153	2
115.672312225088	2
117.04887697341	0
117.323975856693	1
118.910025848968	1
119.797573346748	0
119.987052901147	0
121.178330307292	1
121.447942754741	0
122.386919032388	1
125.920467576351	0
129.32483166579	0
129.446819676714	1
131.487943863014	1
131.562735982402	2
131.564884593134	2
132.925031224032	1
133.135193661002	1
133.285001824736	1
133.768250285127	2
135.773107418987	4
135.954248732141	0
138.000929117172	3
138.616330947726	2
139.432769334423	1
139.658610614962	0
140.044029046426	0
140.656520639111	0
140.801967424016	2
142.576931990369	1
143.535378085921	2
145.991287497974	0
146.242834810889	1
146.909259903534	1
146.962519702578	1
147.544149916079	3
148.288816973484	2
148.438950095324	0
149.371296744127	1
149.81589238109	1
150.880711631944	0
151.488233936032	1
152.372986019393	2
152.720712593493	0
155.569593511734	0
155.662383609143	1
157.665288214718	3
158.071244246116	1
158.224002066484	1
158.308657760195	2
158.43109907818	1
159.470362482041	1
160.156882345789	1
160.914970549767	3
162.46097489912	3
162.64038720484	3
163.109999989222	0
164.394048716125	1
167.432652800589	0
167.812244670907	1
168.517393886202	1
168.606692652721	2
170.362865020627	1
171.537965475611	1
172.344368077816	0
173.689748422189	0
174.068364061537	0
174.933022733226	3
176.254840000242	3
177.382958773691	3
180.717954648318	1
180.98645281753	3
181.009132239182	3
181.204811836821	1
181.902743360091	0
182.106145499871	0
184.011533777961	0
184.834036113477	1
184.984796333891	0
186.3036533473	0
186.406127786059	1
187.514860087945	1
187.962921365085	1
188.308375426565	0
188.934725263331	2
189.183737213675	1
189.52795518342	1
190.653533402452	2
192.708955779169	2
192.806446800531	0
195.286602945629	0
195.897159546572	4
196.031580280411	0
197.448310855017	2
197.729136032745	1
198.607687000242	3
199.850915404214	1
199.979330891747	2
102.277417997473	4
102.316853226182	2
102.972945062038	3
102.999262187239	3
103.379453748347	5
103.992113510835	6
105.365145641801	4
105.55292406162	8
106.132428483834	6
106.674895411818	1
107.741308468886	2
107.924872787675	3
108.142846331191	16
109.809430230111	11
110.288040977157	1
114.192798277834	1
118.349198782179	6
118.798494660509	5
119.678847590128	3
119.788804861293	1
120.492307338522	7
121.739978753182	10
122.241872372493	8
122.464609699741	14
122.474257556429	14
122.616176020087	12
123.612233928909	14
123.947555012838	6
124.378552005985	8
125.485287740985	3
126.917920506173	10
127.359942775045	2
128.072066757363	2
128.817117618487	3
130.093389207282	3
130.222341744065	3
134.006643634265	6
134.848146214823	5
136.675525424342	3
137.466965087515	7
138.796337562458	3
139.537002817956	11
139.828266982485	8
140.910132592422	6
141.057032751149	5
142.147121804086	4
142.984403365178	12
143.337410927996	7
144.557019158276	11
146.486946048605	1
147.6377812376	8
149.344112533256	13
149.543832942371	4
151.782600090732	3
152.951488293044	10
153.042678713767	6
154.219959008996	8
155.241852947142	7
157.945852708406	3
158.43974007749	8
158.767368594306	1
160.765460352504	8
161.324096790812	7
162.367091722236	2
163.803211070693	3
164.339640712155	5
167.682186887522	11
169.590750573462	9
169.667213821413	4
170.166546346669	8
171.367185653469	3
173.139165381518	6
175.64959917276	8
176.426930999248	3
177.336550849427	2
178.380788959998	1
179.028544900853	8
179.368011324308	7
179.706193124186	2
180.960005217044	5
181.151781451092	14
181.286721483755	16
181.429314242933	19
181.626493593454	18
183.225710746985	23
185.010538848458	3
185.595630022041	2
186.520589186483	1
187.312734501747	3
187.445338429359	5
188.944761833995	11
189.441059102617	0
189.499920053436	0
191.590954774797	13
191.985695159628	0
192.82070369825	0
194.805207029982	6
196.955818227249	10
197.40208326511	4
198.35768126197	3
198.502780962046	6
198.747580696141	2
199.944039149949	4
100.177408877968	16
100.777177342296	11
101.999693243729	5
103.348644423184	5
104.764414320106	5
104.815885007793	5
106.090462586605	10
106.177888665958	7
106.33967296417	3
106.547243454822	5
107.013509108283	6
108.103126333244	8
108.107356666419	6
110.995382401936	9
111.296021859285	9
111.734695695569	1
111.997202599421	1
113.175523835072	13
113.838844049429	3
113.84821973778	3
113.937568744125	5
114.467690077875	12
114.584023925594	11
116.988965559184	4
117.771647094174	4
118.144573109212	10
118.932468419503	10
121.616568810584	6
123.44510420678	2
124.627375756644	12
125.353637103704	14
126.023121834266	14
128.591751914014	8
129.322424728147	4
135.644976326154	20
140.908416718283	1
142.977600947521	4
146.216079051525	21
146.776394940328	7
147.693283001564	8
147.773622153024	9
148.968115413345	4
149.743825557876	3
150.835141167443	5
151.360093650591	1
152.343014572195	5
153.24141587184	9
155.055854950399	1
156.246730125445	5
156.37874259153	6
156.823054706986	8
156.952285858545	15
159.38091745269	31
159.542739773141	29
159.55573511277	29
159.671637888631	26
159.83907879559	30
159.874354936065	28
160.102964738865	25
162.44516501808	32
163.116614972566	30
165.077755694193	22
165.498133252266	20
168.87827702339	9
169.326623527298	10
169.978596140246	3
172.057196257785	10
172.139340472776	8
172.212647517818	3
176.302998825784	14
176.629659196379	18
177.130746825781	6
179.231977339696	7
181.481109848501	10
185.0419261707	7
188.144203435397	6
188.877466354322	7
190.463913893969	3
192.111601179543	4
192.624929548961	16
194.518488748031	10
196.322875430079	11
198.313266640293	7
10.2719679662829	1
10.3641694210809	2
10.4048184883756	2
11.066396724553	2
13.9044547018119	5
14.2570138059407	9
14.84530744594	2
17.5475436714066	1
18.3582438627363	2
18.3985791429104	4
100.057123862742	3
100.154260623323	6
100.156122875645	6
101.861409999893	10
102.65268217166	6
103.81222676578	8
105.865053945434	4
106.349177604573	4
106.786667625834	6
107.874442890958	9
108.286209515931	6
109.805962126342	0
112.76559567961	3
113.945131395987	3
116.149954339425	6
117.411509507113	7
118.217581043457	6
118.714964509171	4
118.74142001239	4
118.817560738854	4
121.376172195844	2
121.678934456723	7
121.830790751312	4
122.064965015716	4
123.743022939593	9
124.510091818313	11
124.799905211164	4
125.75009445448	7
126.031645934628	2
126.18982667229	6
126.299320030449	5
128.502528766639	17
134.089909338819	2
134.912443885153	4
141.075245928291	3
141.37203352822	2
141.967155733213	0
147.12367589865	3
148.527085656537	6
149.391216507661	5
152.699686433605	6
152.782346363137	2
153.093630772119	2
153.751355426479	6
154.834278012601	5
156.281403921548	7
156.817405834515	3
157.512385385711	1
157.946157907645	1
158.35575390677	3
159.83649830072	10
160.174295985633	2
160.442796713003	2
162.320805241152	4
164.204510713094	2
164.822836174766	2
166.19261767044	20
167.787426350609	4
167.874466658494	3
169.688252704051	0
169.770076917659	2
171.045162513715	3
171.17399154248	2
171.247027766963	3
172.18281670764	4
173.30494604418	3
174.450731551213	10
174.720693205257	8
176.653760591035	2
177.41917768432	7
181.257150508097	1
181.729437096838	2
182.947684891522	3
183.630716656937	6
184.314985453934	4
185.177107549339	6
188.947119506823	5
192.415112724183	3
193.757109881279	8
196.033712135141	3
197.553669159236	3
197.662614864662	5
100.285829891971	6
100.921109987735	2
101.639899552275	10
102.58124153697	10
103.417294195979	8
105.088907853366	7
105.802381285992	3
107.193435043869	9
107.878631340838	12
108.408388645348	5
108.63318572551	1
108.822178218096	1
110.401189638241	1
110.500372261351	3
111.411898949038	7
112.552190693055	7
112.829980110451	4
115.801193429622	5
115.882859854165	8
118.564384718952	4
118.600854988495	1
120.924402116354	2
121.047557109414	1
123.45503792658	5
123.648417037902	6
124.149350573276	3
124.479805249758	7
125.237070910913	4
125.605957309389	4
127.686865245822	10
127.896973945332	12
129.35591488979	1
130.216463583651	2
130.617244384454	3
130.853624502901	14
131.23619567793	6
134.126061448248	3
134.457168538259	4
135.663537010588	6
135.983881399592	3
138.422389938135	2
141.715393447546	1
141.720557204422	1
143.017825275352	9
143.935882558913	0
144.386545265935	3
145.16049895832	2
145.226660663359	4
146.072162331239	16
148.059932414046	2
149.454388498199	8
150.318722552873	0
150.841708257746	3
151.444058814071	5
151.985762001914	4
152.29783211156	2
152.370749251661	5
152.383979110298	3
152.477881734103	2
155.356039801655	4
155.767300707927	10
158.797201247529	11
160.357898740456	4
161.276068768045	4
161.761143112497	8
162.928786982094	18
162.968009961773	16
166.744999861001	4
166.819283956855	3
167.48956008629	5
169.107706912183	4
169.234791364594	3
170.016507749044	2
170.620700942234	6
170.704250698512	11
171.256000297513	13
173.537071548758	9
173.570866391381	7
176.253465758865	2
176.754319682365	9
176.96524756346	10
178.079756131335	5
179.244060915892	5
179.810322310993	4
180.251812712082	2
181.773033087654	13
182.522363875537	10
182.583662966678	11
182.769051593385	5
183.605264491616	6
184.379446233411	6
185.289990419994	6
186.976989728649	9
187.643347406476	2
188.552547547119	8
191.389823820694	2
192.55857667947	3
193.042115954427	6
193.368139429417	9
195.243750532646	8
195.553334528155	9
196.54966139313	4
196.743634462195	6
196.834906045012	8
197.300673059336	3
197.337859645301	4
197.608883250519	7
198.171974014121	7
198.639101146638	9
199.204306543976	1
199.991496408748	3
100.256923628405	1
101.593678011064	17
102.151734719877	3
102.877627478935	4
103.628098076302	4
106.087885988468	6
106.191717222011	4
108.977541395421	3
111.236480784368	12
112.001721167387	8
112.362320242865	11
112.459538297044	18
112.890564243029	13
116.44283301156	3
118.254584340877	6
119.125227562366	4
119.486401856716	2
119.684550526176	5
119.986048274796	10
120.886006406162	3
122.645440379544	5
122.904577358742	5
123.498128574469	2
126.446956059678	18
127.633886652946	3
127.729768168896	2
128.132184369958	4
129.245551027088	2
129.606353740191	4
130.435170193719	5
133.975768255006	7
134.698027190893	6
134.906329307914	3
135.365096967286	7
137.518958068915	12
137.676178661209	11
137.692609650985	12
138.858380446973	10
138.955866027398	6
140.508654304492	6
140.59841735572	8
140.693094285379	7
146.453624594197	2
147.400953008997	2
147.519916730467	4
147.909954075901	9
147.964910992944	3
148.423355747763	2
149.027502509264	6
149.248016893652	3
149.424799369677	2
150.728852378892	5
151.036321068569	8
151.765594006155	3
152.360137176382	5
154.881910722121	3
155.176477205804	5
156.15372434565	6
156.356169570806	4
156.539502805057	0
157.093415287323	9
157.393469547758	6
157.595405559764	0
158.167027039014	1
158.171009061053	2
158.381807783252	0
159.120628733971	3
159.607596691078	4
160.023538735086	7
160.65284825342	5
161.496595774525	2
161.515165703209	4
162.554066222787	4
163.326906601729	11
163.57642815519	8
164.468993136862	16
164.663211133772	14
164.883761455322	10
166.233674309165	6
166.850654664978	2
166.978342830219	4
168.435432025655	11
169.625842643346	24
170.402904709223	21
171.228203771173	10
173.137019450438	22
173.166839124792	21
173.436492660162	16
175.549825819935	4
175.645352771705	7
176.460561654484	8
177.054108125615	6
177.620313045125	3
178.552732430694	12
178.952763917175	17
179.676536651149	8
179.770171454078	4
179.866159276971	2
179.896416314085	5
180.413906844425	1
183.079228617297	10
184.740227629749	14
185.365295145701	5
187.708105642561	2
188.190063677845	4
188.87966903608	4
188.925736999523	0
189.723237388198	6
191.294621986508	15
191.701670738549	9
192.829810864286	3
193.700202248171	5
194.228854896195	6
194.842576502611	9
195.075572274892	3
195.438926429848	3
196.293129258546	10
197.148643187804	10
197.987446930113	13
198.420951464919	23
199.763568061526	0
